check,status,detail,source,observed_at
dns,pass,Public DNS resolved,,2026-10-05T08:43:25.550422+05:30
domain_registration,error,Domain is absent from RDAP,,2026-10-05T08:43:25.550440+05:30
tls,pass,TLS certificate valid,,2026-10-05T08:43:26.106275+05:30
http,pass,Probe 1: HTTP 200 at https://www.emb-hague.gov.lk/en,https://emb-hague.gov.lk/,2026-10-05T08:44:14.379274+05:30
http,pass,Probe 2: HTTP 200 at https://www.emb-hague.gov.lk/en,http://emb-hague.gov.lk/,2026-10-05T08:44:14.379290+05:30
http,pass,Probe 3: HTTP 200 at https://www.emb-hague.gov.lk/en,https://emb-hague.gov.lk/,2026-10-05T08:44:14.379294+05:30
http,pass,Probe 4: HTTP 200 at https://www.emb-hague.gov.lk/en,http://emb-hague.gov.lk/,2026-10-05T08:44:14.379298+05:30
http,pass,Probe 5: HTTP 200 at https://www.emb-hague.gov.lk/en/contact,https://www.emb-hague.gov.lk/en/contact,2026-10-05T08:44:14.379301+05:30
http,pass,Probe 6: HTTP 200 at https://www.emb-hague.gov.lk/en/certification-and-attestation-service,https://emb-hague.gov.lk/en/certification-and-attestation-service,2026-10-05T08:44:14.379304+05:30
http,pass,Probe 7: HTTP 200 at https://www.emb-hague.gov.lk/en/visa-application-service,https://emb-hague.gov.lk/en/visa-application-service,2026-10-05T08:44:14.379307+05:30
http,pass,Probe 8: HTTP 200 at https://www.emb-hague.gov.lk/en/downloads,https://www.emb-hague.gov.lk/en/downloads,2026-10-05T08:44:14.379310+05:30
http,pass,Probe 9: HTTP 200 at https://www.emb-hague.gov.lk/en/appointment,https://www.emb-hague.gov.lk/en/appointment,2026-10-05T08:44:14.379312+05:30
http,pass,Probe 10: HTTP 200 at https://www.emb-hague.gov.lk/en/appointment?serviceId=69945832b0fd650934f95a5a,https://emb-hague.gov.lk/en/appointment?serviceId=69945832b0fd650934f95a5a,2026-10-05T08:44:14.379315+05:30
http,pass,Probe 11: HTTP 200 at https://www.emb-hague.gov.lk/en/appointment?serviceId=6994598bb0fd650934f95ae8,https://emb-hague.gov.lk/en/appointment?serviceId=6994598bb0fd650934f95ae8,2026-10-05T08:44:14.379318+05:30
http,pass,Probe 12: HTTP 200 at https://www.emb-hague.gov.lk/en/appointment?serviceId=699459a6b0fd650934f95b1e,https://emb-hague.gov.lk/en/appointment?serviceId=699459a6b0fd650934f95b1e,2026-10-05T08:44:14.379321+05:30
http,pass,Probe 13: HTTP 200 at https://www.emb-hague.gov.lk/en/appointment?serviceId=699459efb0fd650934f95b54,https://emb-hague.gov.lk/en/appointment?serviceId=699459efb0fd650934f95b54,2026-10-05T08:44:14.379323+05:30
http,pass,Probe 14: HTTP 200 at https://www.emb-hague.gov.lk/en/allPosts?category=News,https://www.emb-hague.gov.lk/en/allPosts?category=News,2026-10-05T08:44:14.379326+05:30
phone,pass,Published phone: +31703655910,https://www.emb-hague.gov.lk/en,
phone,pass,Published phone: 0840963483,https://www.emb-hague.gov.lk/en,
phone,pass,Published phone: 047458-9684-,https://www.emb-hague.gov.lk/en,
phone,pass,Published phone: 0872856552,https://www.emb-hague.gov.lk/en,
phone,pass,Published phone: +31 070 365 5910,https://www.emb-hague.gov.lk/en,
phone,pass,Published phone: 0.797562967,https://www.emb-hague.gov.lk/en,
phone,pass,Published phone: 070 365 5910 ,https://www.emb-hague.gov.lk/en,
phone,pass,Published phone: 06703622-20,https://www.emb-hague.gov.lk/en,
phone,pass,Published phone: 0900057975,https://www.emb-hague.gov.lk/en,
phone,pass,Published phone: 0779683161,https://www.emb-hague.gov.lk/en,
phone,pass,Published phone: 0063136533,https://www.emb-hague.gov.lk/en,
phone,pass,Published phone: 0705035388,https://www.emb-hague.gov.lk/en,
phone,pass,Published phone: 0037942599,https://www.emb-hague.gov.lk/en,
email,pass,Published email: john@example.com,https://www.emb-hague.gov.lk/en,
email,pass,Published email: slemb.hague@mfa.gov.lk,https://www.emb-hague.gov.lk/en,
email,pass,Published email: slemb.hague@mfa.gov.lk,https://www.emb-hague.gov.lk/en,
postal_address,pass,"Published postal address: Javastraat 2C, 2585 AM, The Hague, The Netherlands Register as a Sri Lankan Abroad If you are a Sri Lankan living abroad",https://www.emb-hague.gov.lk/en,
named_responsibility,pass,Published named responsibility: director,https://www.emb-hague.gov.lk/en,
fees_and_payment,pass,Published fees and payment: free of charge,https://www.emb-hague.gov.lk/en,
processing_time,pass,Published processing time: 30 days,https://www.emb-hague.gov.lk/en,
published_update_date,pass,Published published update date: 10/01/2026,https://www.emb-hague.gov.lk/en,
phone,pass,Published phone: +31703655910,https://www.emb-hague.gov.lk/en,
phone,pass,Published phone: 0840963483,https://www.emb-hague.gov.lk/en,
phone,pass,Published phone: 047458-9684-,https://www.emb-hague.gov.lk/en,
phone,pass,Published phone: 0872856552,https://www.emb-hague.gov.lk/en,
phone,pass,Published phone: +31 070 365 5910,https://www.emb-hague.gov.lk/en,
phone,pass,Published phone: 0.797562967,https://www.emb-hague.gov.lk/en,
phone,pass,Published phone: 070 365 5910 ,https://www.emb-hague.gov.lk/en,
phone,pass,Published phone: 06703622-20,https://www.emb-hague.gov.lk/en,
phone,pass,Published phone: 0900057975,https://www.emb-hague.gov.lk/en,
phone,pass,Published phone: 0779683161,https://www.emb-hague.gov.lk/en,
phone,pass,Published phone: 0063136533,https://www.emb-hague.gov.lk/en,
phone,pass,Published phone: 0705035388,https://www.emb-hague.gov.lk/en,
phone,pass,Published phone: 0037942599,https://www.emb-hague.gov.lk/en,
email,pass,Published email: john@example.com,https://www.emb-hague.gov.lk/en,
email,pass,Published email: slemb.hague@mfa.gov.lk,https://www.emb-hague.gov.lk/en,
email,pass,Published email: slemb.hague@mfa.gov.lk,https://www.emb-hague.gov.lk/en,
postal_address,pass,"Published postal address: Javastraat 2C, 2585 AM, The Hague, The Netherlands Register as a Sri Lankan Abroad If you are a Sri Lankan living abroad",https://www.emb-hague.gov.lk/en,
named_responsibility,pass,Published named responsibility: director,https://www.emb-hague.gov.lk/en,
fees_and_payment,pass,Published fees and payment: free of charge,https://www.emb-hague.gov.lk/en,
processing_time,pass,Published processing time: 30 days,https://www.emb-hague.gov.lk/en,
published_update_date,pass,Published published update date: 10/01/2026,https://www.emb-hague.gov.lk/en,
phone,pass,Published phone: +31703655910,https://www.emb-hague.gov.lk/en,
phone,pass,Published phone: 0840963483,https://www.emb-hague.gov.lk/en,
phone,pass,Published phone: 047458-9684-,https://www.emb-hague.gov.lk/en,
phone,pass,Published phone: 0872856552,https://www.emb-hague.gov.lk/en,
phone,pass,Published phone: +31 070 365 5910,https://www.emb-hague.gov.lk/en,
phone,pass,Published phone: 0.797562967,https://www.emb-hague.gov.lk/en,
phone,pass,Published phone: 070 365 5910 ,https://www.emb-hague.gov.lk/en,
phone,pass,Published phone: 06703622-20,https://www.emb-hague.gov.lk/en,
phone,pass,Published phone: 0900057975,https://www.emb-hague.gov.lk/en,
phone,pass,Published phone: 0779683161,https://www.emb-hague.gov.lk/en,
phone,pass,Published phone: 0063136533,https://www.emb-hague.gov.lk/en,
phone,pass,Published phone: 0705035388,https://www.emb-hague.gov.lk/en,
phone,pass,Published phone: 0037942599,https://www.emb-hague.gov.lk/en,
email,pass,Published email: john@example.com,https://www.emb-hague.gov.lk/en,
email,pass,Published email: slemb.hague@mfa.gov.lk,https://www.emb-hague.gov.lk/en,
email,pass,Published email: slemb.hague@mfa.gov.lk,https://www.emb-hague.gov.lk/en,
postal_address,pass,"Published postal address: Javastraat 2C, 2585 AM, The Hague, The Netherlands Register as a Sri Lankan Abroad If you are a Sri Lankan living abroad",https://www.emb-hague.gov.lk/en,
named_responsibility,pass,Published named responsibility: director,https://www.emb-hague.gov.lk/en,
fees_and_payment,pass,Published fees and payment: free of charge,https://www.emb-hague.gov.lk/en,
processing_time,pass,Published processing time: 30 days,https://www.emb-hague.gov.lk/en,
published_update_date,pass,Published published update date: 10/01/2026,https://www.emb-hague.gov.lk/en,
phone,pass,Published phone: +31703655910,https://www.emb-hague.gov.lk/en,
phone,pass,Published phone: 0840963483,https://www.emb-hague.gov.lk/en,
phone,pass,Published phone: 047458-9684-,https://www.emb-hague.gov.lk/en,
phone,pass,Published phone: 0872856552,https://www.emb-hague.gov.lk/en,
phone,pass,Published phone: +31 070 365 5910,https://www.emb-hague.gov.lk/en,
phone,pass,Published phone: 0.797562967,https://www.emb-hague.gov.lk/en,
phone,pass,Published phone: 070 365 5910 ,https://www.emb-hague.gov.lk/en,
phone,pass,Published phone: 06703622-20,https://www.emb-hague.gov.lk/en,
phone,pass,Published phone: 0900057975,https://www.emb-hague.gov.lk/en,
phone,pass,Published phone: 0779683161,https://www.emb-hague.gov.lk/en,
phone,pass,Published phone: 0063136533,https://www.emb-hague.gov.lk/en,
phone,pass,Published phone: 0705035388,https://www.emb-hague.gov.lk/en,
phone,pass,Published phone: 0037942599,https://www.emb-hague.gov.lk/en,
email,pass,Published email: john@example.com,https://www.emb-hague.gov.lk/en,
email,pass,Published email: slemb.hague@mfa.gov.lk,https://www.emb-hague.gov.lk/en,
email,pass,Published email: slemb.hague@mfa.gov.lk,https://www.emb-hague.gov.lk/en,
postal_address,pass,"Published postal address: Javastraat 2C, 2585 AM, The Hague, The Netherlands Register as a Sri Lankan Abroad If you are a Sri Lankan living abroad",https://www.emb-hague.gov.lk/en,
named_responsibility,pass,Published named responsibility: director,https://www.emb-hague.gov.lk/en,
fees_and_payment,pass,Published fees and payment: free of charge,https://www.emb-hague.gov.lk/en,
processing_time,pass,Published processing time: 30 days,https://www.emb-hague.gov.lk/en,
published_update_date,pass,Published published update date: 10/01/2026,https://www.emb-hague.gov.lk/en,
phone,pass,Published phone: 0872856552,https://www.emb-hague.gov.lk/en/contact,
phone,pass,Published phone: +31 070 365 5910,https://www.emb-hague.gov.lk/en/contact,
phone,pass,Published phone: 0.797562967,https://www.emb-hague.gov.lk/en/contact,
phone,pass,Published phone: 070 365 5910 ,https://www.emb-hague.gov.lk/en/contact,
phone,pass,Published phone: 0900057975,https://www.emb-hague.gov.lk/en/contact,
phone,pass,Published phone: 0037942599,https://www.emb-hague.gov.lk/en/contact,
email,pass,Published email: john@example.com,https://www.emb-hague.gov.lk/en/contact,
email,pass,Published email: slemb.hague@mfa.gov.lk,https://www.emb-hague.gov.lk/en/contact,
postal_address,pass,"Published postal address: (Optional)\"",\""address_line_1_placeholder\"":\""Address Line 1\"",\""address_line_2_placeholder\"":\""Address Line 2\"",\""valid",https://www.emb-hague.gov.lk/en/contact,
named_responsibility,pass,Published named responsibility: division,https://www.emb-hague.gov.lk/en/contact,
phone,pass,Published phone: +31 070 365 5910,https://www.emb-hague.gov.lk/en/certification-and-attestation-service,
phone,pass,Published phone: 070 365 5910 ,https://www.emb-hague.gov.lk/en/certification-and-attestation-service,
email,pass,Published email: john@example.com,https://www.emb-hague.gov.lk/en/certification-and-attestation-service,
email,pass,Published email: slemb.hague@mfa.gov.lk,https://www.emb-hague.gov.lk/en/certification-and-attestation-service,
postal_address,pass,"Published postal address: (Optional)\"",\""address_line_1_placeholder\"":\""Address Line 1\"",\""address_line_2_placeholder\"":\""Address Line 2\"",\""valid",https://www.emb-hague.gov.lk/en/certification-and-attestation-service,
named_responsibility,pass,Published named responsibility: division,https://www.emb-hague.gov.lk/en/certification-and-attestation-service,
phone,pass,Published phone: +31 070 365 5910,https://www.emb-hague.gov.lk/en/visa-application-service,
phone,pass,Published phone: 070 365 5910 ,https://www.emb-hague.gov.lk/en/visa-application-service,
email,pass,Published email: john@example.com,https://www.emb-hague.gov.lk/en/visa-application-service,
email,pass,Published email: slemb.hague@mfa.gov.lk,https://www.emb-hague.gov.lk/en/visa-application-service,
postal_address,pass,"Published postal address: (Optional)\"",\""address_line_1_placeholder\"":\""Address Line 1\"",\""address_line_2_placeholder\"":\""Address Line 2\"",\""valid",https://www.emb-hague.gov.lk/en/visa-application-service,
named_responsibility,pass,Published named responsibility: division,https://www.emb-hague.gov.lk/en/visa-application-service,
phone,pass,Published phone: +31 070 365 5910,https://www.emb-hague.gov.lk/en/downloads,
phone,pass,Published phone: 070 365 5910 ,https://www.emb-hague.gov.lk/en/downloads,
email,pass,Published email: john@example.com,https://www.emb-hague.gov.lk/en/downloads,
email,pass,Published email: slemb.hague@mfa.gov.lk,https://www.emb-hague.gov.lk/en/downloads,
postal_address,pass,"Published postal address: (Optional)\"",\""address_line_1_placeholder\"":\""Address Line 1\"",\""address_line_2_placeholder\"":\""Address Line 2\"",\""valid",https://www.emb-hague.gov.lk/en/downloads,
named_responsibility,pass,Published named responsibility: division,https://www.emb-hague.gov.lk/en/downloads,
phone,pass,Published phone: +31 070 365 5910,https://www.emb-hague.gov.lk/en/appointment,
phone,pass,Published phone: 070 365 5910 ,https://www.emb-hague.gov.lk/en/appointment,
email,pass,Published email: john@example.com,https://www.emb-hague.gov.lk/en/appointment,
email,pass,Published email: mission@embsl.nl,https://www.emb-hague.gov.lk/en/appointment,
email,pass,Published email: slemb.hague@mfa.gov.lk,https://www.emb-hague.gov.lk/en/appointment,
email,pass,Published email: mission@embsl.nl,https://www.emb-hague.gov.lk/en/appointment,
postal_address,pass,"Published postal address: (Optional)\"",\""address_line_1_placeholder\"":\""Address Line 1\"",\""address_line_2_placeholder\"":\""Address Line 2\"",\""valid",https://www.emb-hague.gov.lk/en/appointment,
named_responsibility,pass,Published named responsibility: director,https://www.emb-hague.gov.lk/en/appointment,
eligibility_criteria,pass,Published eligibility criteria: eligibility,https://www.emb-hague.gov.lk/en/appointment,
required_documents,pass,Published required documents: required documents,https://www.emb-hague.gov.lk/en/appointment,
fees_and_payment,pass,Published fees and payment: free of charge,https://www.emb-hague.gov.lk/en/appointment,
processing_time,pass,Published processing time: 30 days,https://www.emb-hague.gov.lk/en/appointment,
phone,pass,Published phone: +31 070 365 5910,https://www.emb-hague.gov.lk/en/appointment?serviceId=69945832b0fd650934f95a5a,
phone,pass,Published phone: 070 365 5910 ,https://www.emb-hague.gov.lk/en/appointment?serviceId=69945832b0fd650934f95a5a,
email,pass,Published email: john@example.com,https://www.emb-hague.gov.lk/en/appointment?serviceId=69945832b0fd650934f95a5a,
email,pass,Published email: mission@embsl.nl,https://www.emb-hague.gov.lk/en/appointment?serviceId=69945832b0fd650934f95a5a,
email,pass,Published email: slemb.hague@mfa.gov.lk,https://www.emb-hague.gov.lk/en/appointment?serviceId=69945832b0fd650934f95a5a,
email,pass,Published email: mission@embsl.nl,https://www.emb-hague.gov.lk/en/appointment?serviceId=69945832b0fd650934f95a5a,
postal_address,pass,"Published postal address: (Optional)\"",\""address_line_1_placeholder\"":\""Address Line 1\"",\""address_line_2_placeholder\"":\""Address Line 2\"",\""valid",https://www.emb-hague.gov.lk/en/appointment?serviceId=69945832b0fd650934f95a5a,
named_responsibility,pass,Published named responsibility: director,https://www.emb-hague.gov.lk/en/appointment?serviceId=69945832b0fd650934f95a5a,
eligibility_criteria,pass,Published eligibility criteria: eligibility,https://www.emb-hague.gov.lk/en/appointment?serviceId=69945832b0fd650934f95a5a,
required_documents,pass,Published required documents: required documents,https://www.emb-hague.gov.lk/en/appointment?serviceId=69945832b0fd650934f95a5a,
fees_and_payment,pass,Published fees and payment: free of charge,https://www.emb-hague.gov.lk/en/appointment?serviceId=69945832b0fd650934f95a5a,
processing_time,pass,Published processing time: 30 days,https://www.emb-hague.gov.lk/en/appointment?serviceId=69945832b0fd650934f95a5a,
phone,pass,Published phone: +31 070 365 5910,https://www.emb-hague.gov.lk/en/appointment?serviceId=6994598bb0fd650934f95ae8,
phone,pass,Published phone: 070 365 5910 ,https://www.emb-hague.gov.lk/en/appointment?serviceId=6994598bb0fd650934f95ae8,
email,pass,Published email: john@example.com,https://www.emb-hague.gov.lk/en/appointment?serviceId=6994598bb0fd650934f95ae8,
email,pass,Published email: mission@embsl.nl,https://www.emb-hague.gov.lk/en/appointment?serviceId=6994598bb0fd650934f95ae8,
email,pass,Published email: slemb.hague@mfa.gov.lk,https://www.emb-hague.gov.lk/en/appointment?serviceId=6994598bb0fd650934f95ae8,
email,pass,Published email: mission@embsl.nl,https://www.emb-hague.gov.lk/en/appointment?serviceId=6994598bb0fd650934f95ae8,
postal_address,pass,"Published postal address: (Optional)\"",\""address_line_1_placeholder\"":\""Address Line 1\"",\""address_line_2_placeholder\"":\""Address Line 2\"",\""valid",https://www.emb-hague.gov.lk/en/appointment?serviceId=6994598bb0fd650934f95ae8,
named_responsibility,pass,Published named responsibility: director,https://www.emb-hague.gov.lk/en/appointment?serviceId=6994598bb0fd650934f95ae8,
eligibility_criteria,pass,Published eligibility criteria: eligibility,https://www.emb-hague.gov.lk/en/appointment?serviceId=6994598bb0fd650934f95ae8,
required_documents,pass,Published required documents: required documents,https://www.emb-hague.gov.lk/en/appointment?serviceId=6994598bb0fd650934f95ae8,
fees_and_payment,pass,Published fees and payment: free of charge,https://www.emb-hague.gov.lk/en/appointment?serviceId=6994598bb0fd650934f95ae8,
processing_time,pass,Published processing time: 30 days,https://www.emb-hague.gov.lk/en/appointment?serviceId=6994598bb0fd650934f95ae8,
phone,pass,Published phone: +31 070 365 5910,https://www.emb-hague.gov.lk/en/appointment?serviceId=699459a6b0fd650934f95b1e,
phone,pass,Published phone: 070 365 5910 ,https://www.emb-hague.gov.lk/en/appointment?serviceId=699459a6b0fd650934f95b1e,
email,pass,Published email: john@example.com,https://www.emb-hague.gov.lk/en/appointment?serviceId=699459a6b0fd650934f95b1e,
email,pass,Published email: mission@embsl.nl,https://www.emb-hague.gov.lk/en/appointment?serviceId=699459a6b0fd650934f95b1e,
email,pass,Published email: slemb.hague@mfa.gov.lk,https://www.emb-hague.gov.lk/en/appointment?serviceId=699459a6b0fd650934f95b1e,
email,pass,Published email: mission@embsl.nl,https://www.emb-hague.gov.lk/en/appointment?serviceId=699459a6b0fd650934f95b1e,
postal_address,pass,"Published postal address: (Optional)\"",\""address_line_1_placeholder\"":\""Address Line 1\"",\""address_line_2_placeholder\"":\""Address Line 2\"",\""valid",https://www.emb-hague.gov.lk/en/appointment?serviceId=699459a6b0fd650934f95b1e,
named_responsibility,pass,Published named responsibility: director,https://www.emb-hague.gov.lk/en/appointment?serviceId=699459a6b0fd650934f95b1e,
eligibility_criteria,pass,Published eligibility criteria: eligibility,https://www.emb-hague.gov.lk/en/appointment?serviceId=699459a6b0fd650934f95b1e,
required_documents,pass,Published required documents: required documents,https://www.emb-hague.gov.lk/en/appointment?serviceId=699459a6b0fd650934f95b1e,
fees_and_payment,pass,Published fees and payment: free of charge,https://www.emb-hague.gov.lk/en/appointment?serviceId=699459a6b0fd650934f95b1e,
processing_time,pass,Published processing time: 30 days,https://www.emb-hague.gov.lk/en/appointment?serviceId=699459a6b0fd650934f95b1e,
phone,pass,Published phone: +31 070 365 5910,https://www.emb-hague.gov.lk/en/appointment?serviceId=699459efb0fd650934f95b54,
phone,pass,Published phone: 070 365 5910 ,https://www.emb-hague.gov.lk/en/appointment?serviceId=699459efb0fd650934f95b54,
email,pass,Published email: john@example.com,https://www.emb-hague.gov.lk/en/appointment?serviceId=699459efb0fd650934f95b54,
email,pass,Published email: mission@embsl.nl,https://www.emb-hague.gov.lk/en/appointment?serviceId=699459efb0fd650934f95b54,
email,pass,Published email: slemb.hague@mfa.gov.lk,https://www.emb-hague.gov.lk/en/appointment?serviceId=699459efb0fd650934f95b54,
email,pass,Published email: mission@embsl.nl,https://www.emb-hague.gov.lk/en/appointment?serviceId=699459efb0fd650934f95b54,
postal_address,pass,"Published postal address: (Optional)\"",\""address_line_1_placeholder\"":\""Address Line 1\"",\""address_line_2_placeholder\"":\""Address Line 2\"",\""valid",https://www.emb-hague.gov.lk/en/appointment?serviceId=699459efb0fd650934f95b54,
named_responsibility,pass,Published named responsibility: director,https://www.emb-hague.gov.lk/en/appointment?serviceId=699459efb0fd650934f95b54,
eligibility_criteria,pass,Published eligibility criteria: eligibility,https://www.emb-hague.gov.lk/en/appointment?serviceId=699459efb0fd650934f95b54,
required_documents,pass,Published required documents: required documents,https://www.emb-hague.gov.lk/en/appointment?serviceId=699459efb0fd650934f95b54,
fees_and_payment,pass,Published fees and payment: free of charge,https://www.emb-hague.gov.lk/en/appointment?serviceId=699459efb0fd650934f95b54,
processing_time,pass,Published processing time: 30 days,https://www.emb-hague.gov.lk/en/appointment?serviceId=699459efb0fd650934f95b54,
phone,pass,Published phone: 0840963483,https://www.emb-hague.gov.lk/en/allPosts?category=News,
phone,pass,Published phone: +31 070 365 5910,https://www.emb-hague.gov.lk/en/allPosts?category=News,
phone,pass,Published phone: 070 365 5910 ,https://www.emb-hague.gov.lk/en/allPosts?category=News,
phone,pass,Published phone: 0779683161,https://www.emb-hague.gov.lk/en/allPosts?category=News,
email,pass,Published email: john@example.com,https://www.emb-hague.gov.lk/en/allPosts?category=News,
email,pass,Published email: slemb.hague@mfa.gov.lk,https://www.emb-hague.gov.lk/en/allPosts?category=News,
postal_address,pass,"Published postal address: (Optional)\"",\""address_line_1_placeholder\"":\""Address Line 1\"",\""address_line_2_placeholder\"":\""Address Line 2\"",\""valid",https://www.emb-hague.gov.lk/en/allPosts?category=News,
named_responsibility,pass,Published named responsibility: director,https://www.emb-hague.gov.lk/en/allPosts?category=News,
published_update_date,pass,Published published update date: 16 September 2026,https://www.emb-hague.gov.lk/en/allPosts?category=News,
page_text,pass,Substantive page content: 3426 visible characters across 14 pages,https://emb-hague.gov.lk/,
